{
 "cells": [
  {
   "cell_type": "code",
   "execution_count": 175,
   "id": "162e2fb9",
   "metadata": {},
   "outputs": [],
   "source": [
    "import pandas as pd\n",
    "import numpy as np\n",
    "import os\n",
    "import seaborn as sb\n",
    "from sklearn.model_selection import train_test_split\n",
    "from sklearn.compose import ColumnTransformer\n",
    "from sklearn.pipeline import Pipeline\n",
    "from sklearn.impute import SimpleImputer\n",
    "from sklearn.preprocessing import OneHotEncoder\n",
    "from sklearn.ensemble import RandomForestRegressor\n",
    "from sklearn.metrics import mean_absolute_error\n",
    "from pandas_datareader import data as pdr\n",
    "from datetime import date\n",
    "import yfinance as yf\n",
    "yf.pdr_override() \n",
    "import matplotlib as plt \n",
    "from pypfopt.efficient_frontier import EfficientFrontier\n",
    "from pypfopt import risk_models\n",
    "from pypfopt import expected_returns\n",
    "from pypfopt import plotting"
   ]
  },
  {
   "cell_type": "code",
   "execution_count": 28,
   "id": "2943ead2",
   "metadata": {},
   "outputs": [
    {
     "name": "stdout",
     "output_type": "stream",
     "text": [
      "Years of Investment:100\n",
      "Satring portfolio Value in USD:200000\n",
      "Risk Tolerance Level (1 to 5): 1\n"
     ]
    }
   ],
   "source": [
    "years = input(\"Years of Investment:\")\n",
    "sv = input(\"Satring portfolio Value in USD:\")\n",
    "riskb = input(\"Risk Tolerance Level (1 to 5): \")"
   ]
  },
  {
   "cell_type": "code",
   "execution_count": 29,
   "id": "a8dc2e07",
   "metadata": {},
   "outputs": [
    {
     "name": "stdout",
     "output_type": "stream",
     "text": [
      "[*********************100%***********************]  14 of 14 completed\n"
     ]
    }
   ],
   "source": [
    "tick = ['VYM', 'XLF', 'VTV', 'USMV', 'XLE', 'BND', 'AGG', 'VMBS', 'IGSB', 'SCHP','SGOL','IAU', 'FREL', 'MORT']\n",
    "price_data = pdr.get_data_yahoo(tick, start='2017-01-01', end=date.today())['Adj Close']"
   ]
  },
  {
   "cell_type": "code",
   "execution_count": 30,
   "id": "ff1ef130",
   "metadata": {},
   "outputs": [
    {
     "data": {
      "text/html": [
       "<div>\n",
       "<style scoped>\n",
       "    .dataframe tbody tr th:only-of-type {\n",
       "        vertical-align: middle;\n",
       "    }\n",
       "\n",
       "    .dataframe tbody tr th {\n",
       "        vertical-align: top;\n",
       "    }\n",
       "\n",
       "    .dataframe thead th {\n",
       "        text-align: right;\n",
       "    }\n",
       "</style>\n",
       "<table border=\"1\" class=\"dataframe\">\n",
       "  <thead>\n",
       "    <tr style=\"text-align: right;\">\n",
       "      <th></th>\n",
       "      <th>AGG</th>\n",
       "      <th>BND</th>\n",
       "      <th>FREL</th>\n",
       "      <th>IAU</th>\n",
       "      <th>IGSB</th>\n",
       "      <th>MORT</th>\n",
       "      <th>SCHP</th>\n",
       "      <th>SGOL</th>\n",
       "      <th>USMV</th>\n",
       "      <th>VMBS</th>\n",
       "      <th>VTV</th>\n",
       "      <th>VYM</th>\n",
       "      <th>XLE</th>\n",
       "      <th>XLF</th>\n",
       "    </tr>\n",
       "    <tr>\n",
       "      <th>Date</th>\n",
       "      <th></th>\n",
       "      <th></th>\n",
       "      <th></th>\n",
       "      <th></th>\n",
       "      <th></th>\n",
       "      <th></th>\n",
       "      <th></th>\n",
       "      <th></th>\n",
       "      <th></th>\n",
       "      <th></th>\n",
       "      <th></th>\n",
       "      <th></th>\n",
       "      <th></th>\n",
       "      <th></th>\n",
       "    </tr>\n",
       "  </thead>\n",
       "  <tbody>\n",
       "    <tr>\n",
       "      <th>2017-01-03</th>\n",
       "      <td>93.365082</td>\n",
       "      <td>68.710770</td>\n",
       "      <td>19.040112</td>\n",
       "      <td>22.32</td>\n",
       "      <td>45.728649</td>\n",
       "      <td>13.075974</td>\n",
       "      <td>45.613701</td>\n",
       "      <td>11.261</td>\n",
       "      <td>40.636940</td>\n",
       "      <td>45.756210</td>\n",
       "      <td>80.101883</td>\n",
       "      <td>62.992619</td>\n",
       "      <td>57.589218</td>\n",
       "      <td>20.873672</td>\n",
       "    </tr>\n",
       "    <tr>\n",
       "      <th>2017-01-04</th>\n",
       "      <td>93.390938</td>\n",
       "      <td>68.761803</td>\n",
       "      <td>19.329203</td>\n",
       "      <td>22.42</td>\n",
       "      <td>45.763546</td>\n",
       "      <td>13.199660</td>\n",
       "      <td>45.663490</td>\n",
       "      <td>11.305</td>\n",
       "      <td>40.825161</td>\n",
       "      <td>45.738728</td>\n",
       "      <td>80.538208</td>\n",
       "      <td>63.174580</td>\n",
       "      <td>57.468262</td>\n",
       "      <td>21.042370</td>\n",
       "    </tr>\n",
       "    <tr>\n",
       "      <th>2017-01-05</th>\n",
       "      <td>93.779373</td>\n",
       "      <td>69.110458</td>\n",
       "      <td>19.410183</td>\n",
       "      <td>22.76</td>\n",
       "      <td>45.789719</td>\n",
       "      <td>13.229112</td>\n",
       "      <td>45.821148</td>\n",
       "      <td>11.477</td>\n",
       "      <td>40.869972</td>\n",
       "      <td>45.957253</td>\n",
       "      <td>80.238770</td>\n",
       "      <td>63.033993</td>\n",
       "      <td>57.324619</td>\n",
       "      <td>20.829279</td>\n",
       "    </tr>\n",
       "    <tr>\n",
       "      <th>2017-01-06</th>\n",
       "      <td>93.468651</td>\n",
       "      <td>68.838333</td>\n",
       "      <td>19.338917</td>\n",
       "      <td>22.60</td>\n",
       "      <td>45.728649</td>\n",
       "      <td>13.211443</td>\n",
       "      <td>45.663490</td>\n",
       "      <td>11.399</td>\n",
       "      <td>40.923752</td>\n",
       "      <td>45.861107</td>\n",
       "      <td>80.315788</td>\n",
       "      <td>63.050507</td>\n",
       "      <td>57.377544</td>\n",
       "      <td>20.900311</td>\n",
       "    </tr>\n",
       "    <tr>\n",
       "      <th>2017-01-09</th>\n",
       "      <td>93.624008</td>\n",
       "      <td>69.008392</td>\n",
       "      <td>19.207737</td>\n",
       "      <td>22.76</td>\n",
       "      <td>45.759171</td>\n",
       "      <td>13.146652</td>\n",
       "      <td>45.746471</td>\n",
       "      <td>11.488</td>\n",
       "      <td>40.726562</td>\n",
       "      <td>45.904800</td>\n",
       "      <td>79.879478</td>\n",
       "      <td>62.653568</td>\n",
       "      <td>56.545868</td>\n",
       "      <td>20.758253</td>\n",
       "    </tr>\n",
       "  </tbody>\n",
       "</table>\n",
       "</div>"
      ],
      "text/plain": [
       "                  AGG        BND       FREL    IAU       IGSB       MORT  \\\n",
       "Date                                                                       \n",
       "2017-01-03  93.365082  68.710770  19.040112  22.32  45.728649  13.075974   \n",
       "2017-01-04  93.390938  68.761803  19.329203  22.42  45.763546  13.199660   \n",
       "2017-01-05  93.779373  69.110458  19.410183  22.76  45.789719  13.229112   \n",
       "2017-01-06  93.468651  68.838333  19.338917  22.60  45.728649  13.211443   \n",
       "2017-01-09  93.624008  69.008392  19.207737  22.76  45.759171  13.146652   \n",
       "\n",
       "                 SCHP    SGOL       USMV       VMBS        VTV        VYM  \\\n",
       "Date                                                                        \n",
       "2017-01-03  45.613701  11.261  40.636940  45.756210  80.101883  62.992619   \n",
       "2017-01-04  45.663490  11.305  40.825161  45.738728  80.538208  63.174580   \n",
       "2017-01-05  45.821148  11.477  40.869972  45.957253  80.238770  63.033993   \n",
       "2017-01-06  45.663490  11.399  40.923752  45.861107  80.315788  63.050507   \n",
       "2017-01-09  45.746471  11.488  40.726562  45.904800  79.879478  62.653568   \n",
       "\n",
       "                  XLE        XLF  \n",
       "Date                              \n",
       "2017-01-03  57.589218  20.873672  \n",
       "2017-01-04  57.468262  21.042370  \n",
       "2017-01-05  57.324619  20.829279  \n",
       "2017-01-06  57.377544  20.900311  \n",
       "2017-01-09  56.545868  20.758253  "
      ]
     },
     "execution_count": 30,
     "metadata": {},
     "output_type": "execute_result"
    }
   ],
   "source": [
    "price_data.head()"
   ]
  },
  {
   "cell_type": "code",
   "execution_count": 31,
   "id": "3213ace0",
   "metadata": {},
   "outputs": [
    {
     "data": {
      "text/html": [
       "<div>\n",
       "<style scoped>\n",
       "    .dataframe tbody tr th:only-of-type {\n",
       "        vertical-align: middle;\n",
       "    }\n",
       "\n",
       "    .dataframe tbody tr th {\n",
       "        vertical-align: top;\n",
       "    }\n",
       "\n",
       "    .dataframe thead th {\n",
       "        text-align: right;\n",
       "    }\n",
       "</style>\n",
       "<table border=\"1\" class=\"dataframe\">\n",
       "  <thead>\n",
       "    <tr style=\"text-align: right;\">\n",
       "      <th></th>\n",
       "      <th>AGG</th>\n",
       "      <th>BND</th>\n",
       "      <th>FREL</th>\n",
       "      <th>IAU</th>\n",
       "      <th>IGSB</th>\n",
       "      <th>MORT</th>\n",
       "      <th>SCHP</th>\n",
       "      <th>SGOL</th>\n",
       "      <th>USMV</th>\n",
       "      <th>VMBS</th>\n",
       "      <th>VTV</th>\n",
       "      <th>VYM</th>\n",
       "      <th>XLE</th>\n",
       "      <th>XLF</th>\n",
       "    </tr>\n",
       "    <tr>\n",
       "      <th>Date</th>\n",
       "      <th></th>\n",
       "      <th></th>\n",
       "      <th></th>\n",
       "      <th></th>\n",
       "      <th></th>\n",
       "      <th></th>\n",
       "      <th></th>\n",
       "      <th></th>\n",
       "      <th></th>\n",
       "      <th></th>\n",
       "      <th></th>\n",
       "      <th></th>\n",
       "      <th></th>\n",
       "      <th></th>\n",
       "    </tr>\n",
       "  </thead>\n",
       "  <tbody>\n",
       "    <tr>\n",
       "      <th>2017-01-03</th>\n",
       "      <td>NaN</td>\n",
       "      <td>NaN</td>\n",
       "      <td>NaN</td>\n",
       "      <td>NaN</td>\n",
       "      <td>NaN</td>\n",
       "      <td>NaN</td>\n",
       "      <td>NaN</td>\n",
       "      <td>NaN</td>\n",
       "      <td>NaN</td>\n",
       "      <td>NaN</td>\n",
       "      <td>NaN</td>\n",
       "      <td>NaN</td>\n",
       "      <td>NaN</td>\n",
       "      <td>NaN</td>\n",
       "    </tr>\n",
       "    <tr>\n",
       "      <th>2017-01-04</th>\n",
       "      <td>0.000277</td>\n",
       "      <td>0.000742</td>\n",
       "      <td>0.015069</td>\n",
       "      <td>0.004470</td>\n",
       "      <td>0.000763</td>\n",
       "      <td>0.009415</td>\n",
       "      <td>0.001091</td>\n",
       "      <td>0.003900</td>\n",
       "      <td>0.004621</td>\n",
       "      <td>-0.000382</td>\n",
       "      <td>0.005432</td>\n",
       "      <td>0.002884</td>\n",
       "      <td>-0.002103</td>\n",
       "      <td>0.008049</td>\n",
       "    </tr>\n",
       "    <tr>\n",
       "      <th>2017-01-05</th>\n",
       "      <td>0.004151</td>\n",
       "      <td>0.005058</td>\n",
       "      <td>0.004181</td>\n",
       "      <td>0.015051</td>\n",
       "      <td>0.000572</td>\n",
       "      <td>0.002229</td>\n",
       "      <td>0.003447</td>\n",
       "      <td>0.015100</td>\n",
       "      <td>0.001097</td>\n",
       "      <td>0.004766</td>\n",
       "      <td>-0.003725</td>\n",
       "      <td>-0.002228</td>\n",
       "      <td>-0.002503</td>\n",
       "      <td>-0.010178</td>\n",
       "    </tr>\n",
       "    <tr>\n",
       "      <th>2017-01-06</th>\n",
       "      <td>-0.003319</td>\n",
       "      <td>-0.003945</td>\n",
       "      <td>-0.003678</td>\n",
       "      <td>-0.007055</td>\n",
       "      <td>-0.001335</td>\n",
       "      <td>-0.001336</td>\n",
       "      <td>-0.003447</td>\n",
       "      <td>-0.006819</td>\n",
       "      <td>0.001315</td>\n",
       "      <td>-0.002094</td>\n",
       "      <td>0.000959</td>\n",
       "      <td>0.000262</td>\n",
       "      <td>0.000923</td>\n",
       "      <td>0.003404</td>\n",
       "    </tr>\n",
       "    <tr>\n",
       "      <th>2017-01-09</th>\n",
       "      <td>0.001661</td>\n",
       "      <td>0.002467</td>\n",
       "      <td>-0.006806</td>\n",
       "      <td>0.007055</td>\n",
       "      <td>0.000667</td>\n",
       "      <td>-0.004916</td>\n",
       "      <td>0.001816</td>\n",
       "      <td>0.007777</td>\n",
       "      <td>-0.004830</td>\n",
       "      <td>0.000952</td>\n",
       "      <td>-0.005447</td>\n",
       "      <td>-0.006315</td>\n",
       "      <td>-0.014601</td>\n",
       "      <td>-0.006820</td>\n",
       "    </tr>\n",
       "    <tr>\n",
       "      <th>...</th>\n",
       "      <td>...</td>\n",
       "      <td>...</td>\n",
       "      <td>...</td>\n",
       "      <td>...</td>\n",
       "      <td>...</td>\n",
       "      <td>...</td>\n",
       "      <td>...</td>\n",
       "      <td>...</td>\n",
       "      <td>...</td>\n",
       "      <td>...</td>\n",
       "      <td>...</td>\n",
       "      <td>...</td>\n",
       "      <td>...</td>\n",
       "      <td>...</td>\n",
       "    </tr>\n",
       "    <tr>\n",
       "      <th>2023-03-13</th>\n",
       "      <td>0.007920</td>\n",
       "      <td>0.007950</td>\n",
       "      <td>0.013083</td>\n",
       "      <td>0.023137</td>\n",
       "      <td>0.001401</td>\n",
       "      <td>-0.007214</td>\n",
       "      <td>0.005693</td>\n",
       "      <td>0.023180</td>\n",
       "      <td>0.003466</td>\n",
       "      <td>0.009111</td>\n",
       "      <td>-0.008413</td>\n",
       "      <td>-0.009628</td>\n",
       "      <td>-0.020541</td>\n",
       "      <td>-0.040278</td>\n",
       "    </tr>\n",
       "    <tr>\n",
       "      <th>2023-03-14</th>\n",
       "      <td>-0.005884</td>\n",
       "      <td>-0.006300</td>\n",
       "      <td>0.009701</td>\n",
       "      <td>-0.006081</td>\n",
       "      <td>-0.000800</td>\n",
       "      <td>0.012590</td>\n",
       "      <td>-0.003032</td>\n",
       "      <td>-0.006019</td>\n",
       "      <td>0.009328</td>\n",
       "      <td>-0.005630</td>\n",
       "      <td>0.011817</td>\n",
       "      <td>0.011562</td>\n",
       "      <td>0.009834</td>\n",
       "      <td>0.020032</td>\n",
       "    </tr>\n",
       "    <tr>\n",
       "      <th>2023-03-15</th>\n",
       "      <td>0.009921</td>\n",
       "      <td>0.010251</td>\n",
       "      <td>-0.001208</td>\n",
       "      <td>0.007458</td>\n",
       "      <td>0.002798</td>\n",
       "      <td>-0.035474</td>\n",
       "      <td>0.011323</td>\n",
       "      <td>0.007655</td>\n",
       "      <td>-0.001429</td>\n",
       "      <td>0.009079</td>\n",
       "      <td>-0.013089</td>\n",
       "      <td>-0.012442</td>\n",
       "      <td>-0.055196</td>\n",
       "      <td>-0.027012</td>\n",
       "    </tr>\n",
       "    <tr>\n",
       "      <th>2023-03-16</th>\n",
       "      <td>-0.003936</td>\n",
       "      <td>-0.004771</td>\n",
       "      <td>-0.002016</td>\n",
       "      <td>0.002474</td>\n",
       "      <td>-0.003799</td>\n",
       "      <td>0.001850</td>\n",
       "      <td>-0.010944</td>\n",
       "      <td>0.001633</td>\n",
       "      <td>0.009821</td>\n",
       "      <td>-0.003665</td>\n",
       "      <td>0.010648</td>\n",
       "      <td>0.009540</td>\n",
       "      <td>0.010800</td>\n",
       "      <td>0.018922</td>\n",
       "    </tr>\n",
       "    <tr>\n",
       "      <th>2023-03-17</th>\n",
       "      <td>0.006251</td>\n",
       "      <td>0.007215</td>\n",
       "      <td>-0.036996</td>\n",
       "      <td>0.028682</td>\n",
       "      <td>0.004796</td>\n",
       "      <td>-0.033838</td>\n",
       "      <td>0.002463</td>\n",
       "      <td>0.028941</td>\n",
       "      <td>-0.008964</td>\n",
       "      <td>0.011596</td>\n",
       "      <td>-0.016955</td>\n",
       "      <td>-0.016607</td>\n",
       "      <td>-0.015854</td>\n",
       "      <td>-0.032706</td>\n",
       "    </tr>\n",
       "  </tbody>\n",
       "</table>\n",
       "<p>1562 rows × 14 columns</p>\n",
       "</div>"
      ],
      "text/plain": [
       "                 AGG       BND      FREL       IAU      IGSB      MORT  \\\n",
       "Date                                                                     \n",
       "2017-01-03       NaN       NaN       NaN       NaN       NaN       NaN   \n",
       "2017-01-04  0.000277  0.000742  0.015069  0.004470  0.000763  0.009415   \n",
       "2017-01-05  0.004151  0.005058  0.004181  0.015051  0.000572  0.002229   \n",
       "2017-01-06 -0.003319 -0.003945 -0.003678 -0.007055 -0.001335 -0.001336   \n",
       "2017-01-09  0.001661  0.002467 -0.006806  0.007055  0.000667 -0.004916   \n",
       "...              ...       ...       ...       ...       ...       ...   \n",
       "2023-03-13  0.007920  0.007950  0.013083  0.023137  0.001401 -0.007214   \n",
       "2023-03-14 -0.005884 -0.006300  0.009701 -0.006081 -0.000800  0.012590   \n",
       "2023-03-15  0.009921  0.010251 -0.001208  0.007458  0.002798 -0.035474   \n",
       "2023-03-16 -0.003936 -0.004771 -0.002016  0.002474 -0.003799  0.001850   \n",
       "2023-03-17  0.006251  0.007215 -0.036996  0.028682  0.004796 -0.033838   \n",
       "\n",
       "                SCHP      SGOL      USMV      VMBS       VTV       VYM  \\\n",
       "Date                                                                     \n",
       "2017-01-03       NaN       NaN       NaN       NaN       NaN       NaN   \n",
       "2017-01-04  0.001091  0.003900  0.004621 -0.000382  0.005432  0.002884   \n",
       "2017-01-05  0.003447  0.015100  0.001097  0.004766 -0.003725 -0.002228   \n",
       "2017-01-06 -0.003447 -0.006819  0.001315 -0.002094  0.000959  0.000262   \n",
       "2017-01-09  0.001816  0.007777 -0.004830  0.000952 -0.005447 -0.006315   \n",
       "...              ...       ...       ...       ...       ...       ...   \n",
       "2023-03-13  0.005693  0.023180  0.003466  0.009111 -0.008413 -0.009628   \n",
       "2023-03-14 -0.003032 -0.006019  0.009328 -0.005630  0.011817  0.011562   \n",
       "2023-03-15  0.011323  0.007655 -0.001429  0.009079 -0.013089 -0.012442   \n",
       "2023-03-16 -0.010944  0.001633  0.009821 -0.003665  0.010648  0.009540   \n",
       "2023-03-17  0.002463  0.028941 -0.008964  0.011596 -0.016955 -0.016607   \n",
       "\n",
       "                 XLE       XLF  \n",
       "Date                            \n",
       "2017-01-03       NaN       NaN  \n",
       "2017-01-04 -0.002103  0.008049  \n",
       "2017-01-05 -0.002503 -0.010178  \n",
       "2017-01-06  0.000923  0.003404  \n",
       "2017-01-09 -0.014601 -0.006820  \n",
       "...              ...       ...  \n",
       "2023-03-13 -0.020541 -0.040278  \n",
       "2023-03-14  0.009834  0.020032  \n",
       "2023-03-15 -0.055196 -0.027012  \n",
       "2023-03-16  0.010800  0.018922  \n",
       "2023-03-17 -0.015854 -0.032706  \n",
       "\n",
       "[1562 rows x 14 columns]"
      ]
     },
     "execution_count": 31,
     "metadata": {},
     "output_type": "execute_result"
    }
   ],
   "source": [
    "log_ret = np.log(price_data/price_data.shift(1))\n",
    "log_ret"
   ]
  },
  {
   "cell_type": "code",
   "execution_count": 81,
   "id": "82155eb2",
   "metadata": {},
   "outputs": [
    {
     "data": {
      "text/html": [
       "<div>\n",
       "<style scoped>\n",
       "    .dataframe tbody tr th:only-of-type {\n",
       "        vertical-align: middle;\n",
       "    }\n",
       "\n",
       "    .dataframe tbody tr th {\n",
       "        vertical-align: top;\n",
       "    }\n",
       "\n",
       "    .dataframe thead th {\n",
       "        text-align: right;\n",
       "    }\n",
       "</style>\n",
       "<table border=\"1\" class=\"dataframe\">\n",
       "  <thead>\n",
       "    <tr style=\"text-align: right;\">\n",
       "      <th></th>\n",
       "      <th>AGG</th>\n",
       "      <th>BND</th>\n",
       "      <th>FREL</th>\n",
       "      <th>IAU</th>\n",
       "      <th>IGSB</th>\n",
       "      <th>MORT</th>\n",
       "      <th>SCHP</th>\n",
       "      <th>SGOL</th>\n",
       "      <th>USMV</th>\n",
       "      <th>VMBS</th>\n",
       "      <th>VTV</th>\n",
       "      <th>VYM</th>\n",
       "      <th>XLE</th>\n",
       "      <th>XLF</th>\n",
       "    </tr>\n",
       "  </thead>\n",
       "  <tbody>\n",
       "    <tr>\n",
       "      <th>AGG</th>\n",
       "      <td>1.000000</td>\n",
       "      <td>0.999716</td>\n",
       "      <td>0.567330</td>\n",
       "      <td>0.760629</td>\n",
       "      <td>0.933223</td>\n",
       "      <td>-0.073691</td>\n",
       "      <td>0.815336</td>\n",
       "      <td>0.758203</td>\n",
       "      <td>0.622794</td>\n",
       "      <td>0.974304</td>\n",
       "      <td>0.401266</td>\n",
       "      <td>0.375511</td>\n",
       "      <td>-0.528205</td>\n",
       "      <td>0.372250</td>\n",
       "    </tr>\n",
       "    <tr>\n",
       "      <th>BND</th>\n",
       "      <td>0.999716</td>\n",
       "      <td>1.000000</td>\n",
       "      <td>0.571931</td>\n",
       "      <td>0.765564</td>\n",
       "      <td>0.935830</td>\n",
       "      <td>-0.075390</td>\n",
       "      <td>0.819616</td>\n",
       "      <td>0.763136</td>\n",
       "      <td>0.630243</td>\n",
       "      <td>0.971918</td>\n",
       "      <td>0.409474</td>\n",
       "      <td>0.383790</td>\n",
       "      <td>-0.520900</td>\n",
       "      <td>0.379892</td>\n",
       "    </tr>\n",
       "    <tr>\n",
       "      <th>FREL</th>\n",
       "      <td>0.567330</td>\n",
       "      <td>0.571931</td>\n",
       "      <td>1.000000</td>\n",
       "      <td>0.711709</td>\n",
       "      <td>0.751498</td>\n",
       "      <td>0.305156</td>\n",
       "      <td>0.856297</td>\n",
       "      <td>0.712220</td>\n",
       "      <td>0.927070</td>\n",
       "      <td>0.456551</td>\n",
       "      <td>0.909079</td>\n",
       "      <td>0.899671</td>\n",
       "      <td>0.293866</td>\n",
       "      <td>0.914533</td>\n",
       "    </tr>\n",
       "    <tr>\n",
       "      <th>IAU</th>\n",
       "      <td>0.760629</td>\n",
       "      <td>0.765564</td>\n",
       "      <td>0.711709</td>\n",
       "      <td>1.000000</td>\n",
       "      <td>0.890254</td>\n",
       "      <td>-0.321224</td>\n",
       "      <td>0.931468</td>\n",
       "      <td>0.999973</td>\n",
       "      <td>0.860562</td>\n",
       "      <td>0.613193</td>\n",
       "      <td>0.756927</td>\n",
       "      <td>0.747414</td>\n",
       "      <td>0.034115</td>\n",
       "      <td>0.658350</td>\n",
       "    </tr>\n",
       "    <tr>\n",
       "      <th>IGSB</th>\n",
       "      <td>0.933223</td>\n",
       "      <td>0.935830</td>\n",
       "      <td>0.751498</td>\n",
       "      <td>0.890254</td>\n",
       "      <td>1.000000</td>\n",
       "      <td>-0.057987</td>\n",
       "      <td>0.933528</td>\n",
       "      <td>0.888856</td>\n",
       "      <td>0.836377</td>\n",
       "      <td>0.848015</td>\n",
       "      <td>0.674273</td>\n",
       "      <td>0.653847</td>\n",
       "      <td>-0.223416</td>\n",
       "      <td>0.623645</td>\n",
       "    </tr>\n",
       "    <tr>\n",
       "      <th>MORT</th>\n",
       "      <td>-0.073691</td>\n",
       "      <td>-0.075390</td>\n",
       "      <td>0.305156</td>\n",
       "      <td>-0.321224</td>\n",
       "      <td>-0.057987</td>\n",
       "      <td>1.000000</td>\n",
       "      <td>-0.101396</td>\n",
       "      <td>-0.321956</td>\n",
       "      <td>0.036307</td>\n",
       "      <td>0.013318</td>\n",
       "      <td>0.099801</td>\n",
       "      <td>0.091167</td>\n",
       "      <td>0.090818</td>\n",
       "      <td>0.254731</td>\n",
       "    </tr>\n",
       "    <tr>\n",
       "      <th>SCHP</th>\n",
       "      <td>0.815336</td>\n",
       "      <td>0.819616</td>\n",
       "      <td>0.856297</td>\n",
       "      <td>0.931468</td>\n",
       "      <td>0.933528</td>\n",
       "      <td>-0.101396</td>\n",
       "      <td>1.000000</td>\n",
       "      <td>0.931365</td>\n",
       "      <td>0.912188</td>\n",
       "      <td>0.691355</td>\n",
       "      <td>0.815500</td>\n",
       "      <td>0.799788</td>\n",
       "      <td>0.003699</td>\n",
       "      <td>0.771049</td>\n",
       "    </tr>\n",
       "    <tr>\n",
       "      <th>SGOL</th>\n",
       "      <td>0.758203</td>\n",
       "      <td>0.763136</td>\n",
       "      <td>0.712220</td>\n",
       "      <td>0.999973</td>\n",
       "      <td>0.888856</td>\n",
       "      <td>-0.321956</td>\n",
       "      <td>0.931365</td>\n",
       "      <td>1.000000</td>\n",
       "      <td>0.860934</td>\n",
       "      <td>0.610203</td>\n",
       "      <td>0.758407</td>\n",
       "      <td>0.748999</td>\n",
       "      <td>0.037607</td>\n",
       "      <td>0.659838</td>\n",
       "    </tr>\n",
       "    <tr>\n",
       "      <th>USMV</th>\n",
       "      <td>0.622794</td>\n",
       "      <td>0.630243</td>\n",
       "      <td>0.927070</td>\n",
       "      <td>0.860562</td>\n",
       "      <td>0.836377</td>\n",
       "      <td>0.036307</td>\n",
       "      <td>0.912188</td>\n",
       "      <td>0.860934</td>\n",
       "      <td>1.000000</td>\n",
       "      <td>0.473229</td>\n",
       "      <td>0.952600</td>\n",
       "      <td>0.945948</td>\n",
       "      <td>0.300617</td>\n",
       "      <td>0.895443</td>\n",
       "    </tr>\n",
       "    <tr>\n",
       "      <th>VMBS</th>\n",
       "      <td>0.974304</td>\n",
       "      <td>0.971918</td>\n",
       "      <td>0.456551</td>\n",
       "      <td>0.613193</td>\n",
       "      <td>0.848015</td>\n",
       "      <td>0.013318</td>\n",
       "      <td>0.691355</td>\n",
       "      <td>0.610203</td>\n",
       "      <td>0.473229</td>\n",
       "      <td>1.000000</td>\n",
       "      <td>0.241796</td>\n",
       "      <td>0.213328</td>\n",
       "      <td>-0.657038</td>\n",
       "      <td>0.238502</td>\n",
       "    </tr>\n",
       "    <tr>\n",
       "      <th>VTV</th>\n",
       "      <td>0.401266</td>\n",
       "      <td>0.409474</td>\n",
       "      <td>0.909079</td>\n",
       "      <td>0.756927</td>\n",
       "      <td>0.674273</td>\n",
       "      <td>0.099801</td>\n",
       "      <td>0.815500</td>\n",
       "      <td>0.758407</td>\n",
       "      <td>0.952600</td>\n",
       "      <td>0.241796</td>\n",
       "      <td>1.000000</td>\n",
       "      <td>0.999040</td>\n",
       "      <td>0.530585</td>\n",
       "      <td>0.969358</td>\n",
       "    </tr>\n",
       "    <tr>\n",
       "      <th>VYM</th>\n",
       "      <td>0.375511</td>\n",
       "      <td>0.383790</td>\n",
       "      <td>0.899671</td>\n",
       "      <td>0.747414</td>\n",
       "      <td>0.653847</td>\n",
       "      <td>0.091167</td>\n",
       "      <td>0.799788</td>\n",
       "      <td>0.748999</td>\n",
       "      <td>0.945948</td>\n",
       "      <td>0.213328</td>\n",
       "      <td>0.999040</td>\n",
       "      <td>1.000000</td>\n",
       "      <td>0.557988</td>\n",
       "      <td>0.965066</td>\n",
       "    </tr>\n",
       "    <tr>\n",
       "      <th>XLE</th>\n",
       "      <td>-0.528205</td>\n",
       "      <td>-0.520900</td>\n",
       "      <td>0.293866</td>\n",
       "      <td>0.034115</td>\n",
       "      <td>-0.223416</td>\n",
       "      <td>0.090818</td>\n",
       "      <td>0.003699</td>\n",
       "      <td>0.037607</td>\n",
       "      <td>0.300617</td>\n",
       "      <td>-0.657038</td>\n",
       "      <td>0.530585</td>\n",
       "      <td>0.557988</td>\n",
       "      <td>1.000000</td>\n",
       "      <td>0.504249</td>\n",
       "    </tr>\n",
       "    <tr>\n",
       "      <th>XLF</th>\n",
       "      <td>0.372250</td>\n",
       "      <td>0.379892</td>\n",
       "      <td>0.914533</td>\n",
       "      <td>0.658350</td>\n",
       "      <td>0.623645</td>\n",
       "      <td>0.254731</td>\n",
       "      <td>0.771049</td>\n",
       "      <td>0.659838</td>\n",
       "      <td>0.895443</td>\n",
       "      <td>0.238502</td>\n",
       "      <td>0.969358</td>\n",
       "      <td>0.965066</td>\n",
       "      <td>0.504249</td>\n",
       "      <td>1.000000</td>\n",
       "    </tr>\n",
       "  </tbody>\n",
       "</table>\n",
       "</div>"
      ],
      "text/plain": [
       "           AGG       BND      FREL       IAU      IGSB      MORT      SCHP  \\\n",
       "AGG   1.000000  0.999716  0.567330  0.760629  0.933223 -0.073691  0.815336   \n",
       "BND   0.999716  1.000000  0.571931  0.765564  0.935830 -0.075390  0.819616   \n",
       "FREL  0.567330  0.571931  1.000000  0.711709  0.751498  0.305156  0.856297   \n",
       "IAU   0.760629  0.765564  0.711709  1.000000  0.890254 -0.321224  0.931468   \n",
       "IGSB  0.933223  0.935830  0.751498  0.890254  1.000000 -0.057987  0.933528   \n",
       "MORT -0.073691 -0.075390  0.305156 -0.321224 -0.057987  1.000000 -0.101396   \n",
       "SCHP  0.815336  0.819616  0.856297  0.931468  0.933528 -0.101396  1.000000   \n",
       "SGOL  0.758203  0.763136  0.712220  0.999973  0.888856 -0.321956  0.931365   \n",
       "USMV  0.622794  0.630243  0.927070  0.860562  0.836377  0.036307  0.912188   \n",
       "VMBS  0.974304  0.971918  0.456551  0.613193  0.848015  0.013318  0.691355   \n",
       "VTV   0.401266  0.409474  0.909079  0.756927  0.674273  0.099801  0.815500   \n",
       "VYM   0.375511  0.383790  0.899671  0.747414  0.653847  0.091167  0.799788   \n",
       "XLE  -0.528205 -0.520900  0.293866  0.034115 -0.223416  0.090818  0.003699   \n",
       "XLF   0.372250  0.379892  0.914533  0.658350  0.623645  0.254731  0.771049   \n",
       "\n",
       "          SGOL      USMV      VMBS       VTV       VYM       XLE       XLF  \n",
       "AGG   0.758203  0.622794  0.974304  0.401266  0.375511 -0.528205  0.372250  \n",
       "BND   0.763136  0.630243  0.971918  0.409474  0.383790 -0.520900  0.379892  \n",
       "FREL  0.712220  0.927070  0.456551  0.909079  0.899671  0.293866  0.914533  \n",
       "IAU   0.999973  0.860562  0.613193  0.756927  0.747414  0.034115  0.658350  \n",
       "IGSB  0.888856  0.836377  0.848015  0.674273  0.653847 -0.223416  0.623645  \n",
       "MORT -0.321956  0.036307  0.013318  0.099801  0.091167  0.090818  0.254731  \n",
       "SCHP  0.931365  0.912188  0.691355  0.815500  0.799788  0.003699  0.771049  \n",
       "SGOL  1.000000  0.860934  0.610203  0.758407  0.748999  0.037607  0.659838  \n",
       "USMV  0.860934  1.000000  0.473229  0.952600  0.945948  0.300617  0.895443  \n",
       "VMBS  0.610203  0.473229  1.000000  0.241796  0.213328 -0.657038  0.238502  \n",
       "VTV   0.758407  0.952600  0.241796  1.000000  0.999040  0.530585  0.969358  \n",
       "VYM   0.748999  0.945948  0.213328  0.999040  1.000000  0.557988  0.965066  \n",
       "XLE   0.037607  0.300617 -0.657038  0.530585  0.557988  1.000000  0.504249  \n",
       "XLF   0.659838  0.895443  0.238502  0.969358  0.965066  0.504249  1.000000  "
      ]
     },
     "execution_count": 81,
     "metadata": {},
     "output_type": "execute_result"
    }
   ],
   "source": [
    "correlation_matrix = price_data.corr(method='pearson')\n",
    "correlation_matrix"
   ]
  },
  {
   "cell_type": "code",
   "execution_count": 88,
   "id": "e0a53540",
   "metadata": {},
   "outputs": [
    {
     "name": "stdout",
     "output_type": "stream",
     "text": [
      "Correlation between Stocks in portfolio\n"
     ]
    },
    {
     "data": {
